16
4 5 9 2 4 9999 9999 9999 9999 9999 9999 9999 9999 9999 9999
3 9999 9999 9999 5 7 9999 9999 9999 9999 9999 9999 9999 9999
12 9999 9999 9999 5 9999 9999 9999 9999 9999 9999 9999 9999
1 9999 9999 4 4 9999 9999 9999 9999 9999 9999 9999
2 9999 9999 3 1 9999 9999 9999 9999 9999 9999
9999 9999 9999 6 6 9999 9999 9999 9999 9999
4 9999 9999 9999 5 5 9999 9999 9999
12 9999 9999 9999 9 9999 9999 9999
3 9999 9999 3 5 3 9999
2 9999 9999 9999 7 2
9999 9999 9999 9999 1
4 9999 9999 9999
3 9999 9999
3 9999
2